30 30
60
82
-45
-24
23
41
38
12
-58
3
-41
-95
-81
-63
-90
11
32
-52
-51
-55
63
71
-12
81
-17
45
100
-100
-86
-41
-15
-88
-54
-3
98
-21
-29
96
73
44
91
60
16
28
15
36
50
25
-63
6
-84
-34
-30
92
-75
-92
-51
39
89
68
2
86
83
73
93
18
69
81
38
48
27
28
1
100
45
26
29
99
70
4
55
41
79
80
49
63
90
42
56
91
47
11
46
62
65
54
31
14
9
6
44
61
22
24
7
12
37
13
34
9
66
92
71
60
95
97
31
70
43
2
32
10
77
51
58
87
96
78
61
17
6
42
33
99
88
84
35
72
22
4
13
19
74
27
21
81
49
38
41
37
30
100
48
50
14
47
34
56
29
76
53
12
67
25
26
63
59
93
20
18
3
80
64
15
89
52
82
73
91
75
83
65
16
40
62
45
69
23
39
5
24
57
98
90
46
86
11
28
55
7
1
36
79
85
54
94
44
68
8
77
40
62
66
75
25
61
96
93
78
24
32
74
51
82
20
38
52
47
29
15
94
28
37
21
60
86
53
89
36
7
50
76
43
49
13
4
12
6
73
63
64
34
90
65
23
88
100
1
35
83
69
22
58
39
55
14
45
81
99
72
95
5
19
8
44
31
84
80
27
71
9
79
18
68
70
46
42
11
3
16
30
33
57
92
54
17
10
98
91
87
56
59
48
97
41
2
26
85
67
66
10
69
40
82
83
60
16
90
48
52
53
55
84
46
8
74
49
18
23
7
5
80
2
24
91
78
-20
4
-47
-9
